0 0.698964 0.834033 0.103643 0.204467
0 0.499330 0.500850 0.116589 0.224033
0 0.298527 0.500967 0.129554 0.250600
0 0.902125 0.836233 0.107179 0.204467
0 0.498741 0.832950 0.129554 0.237433
0 0.299116 0.839533 0.135446 0.250600
0 0.099482 0.832933 0.106000 0.202267
0 0.098893 0.499867 0.118964 0.230867
0 0.700134 0.165700 0.117768 0.222067
0 0.900357 0.166800 0.115429 0.211067
0 0.899768 0.504267 0.093036 0.191267
0 0.700143 0.505367 0.115429 0.206667
0 0.099491 0.165683 0.129554 0.244033
0 0.300295 0.167900 0.123661 0.226467
0 0.499330 0.171183 0.128375 0.237433
