0 0.364949 0.548125 0.156256 0.213250
0 0.198436 0.283214 0.192564 0.316571
0 0.313654 0.118321 0.176795 0.228643
0 0.783231 0.540411 0.168872 0.233036
0 0.689308 0.463464 0.069436 0.109929
0 0.719295 0.483268 0.211513 0.316607
0 0.560667 0.167786 0.143641 0.208857
0 0.852667 0.027071 0.121538 0.041786
0 0.948167 0.652536 0.101000 0.180286
0 0.257628 0.723982 0.209923 0.331964
0 0.106103 0.578911 0.115231 0.164893
0 0.629333 0.503054 0.069436 0.092321
0 0.552782 0.515143 0.143615 0.195643
0 0.517269 0.331571 0.170487 0.162714
0 0.453346 0.475571 0.077359 0.112143
0 0.343641 0.389839 0.078923 0.112107
0 0.959885 0.168893 0.080231 0.228643
0 0.962372 0.490946 0.072590 0.134107
0 0.731923 0.756964 0.179949 0.248429
0 0.117141 0.658054 0.096282 0.222036
0 0.027179 0.606375 0.052103 0.215464
0 0.067423 0.078732 0.132590 0.153893
0 0.780077 0.199661 0.077333 0.127536
0 0.863731 0.234839 0.175205 0.259393
