0 0.597094 0.113963 0.101457 0.197866
0 0.702178 0.112851 0.103886 0.191250
0 0.812094 0.113948 0.108710 0.189055
0 0.068040 0.112851 0.106298 0.195640
0 0.174338 0.115046 0.111122 0.186860
0 0.282437 0.110655 0.100251 0.191250
0 0.386323 0.111753 0.097839 0.193445
0 0.491399 0.113963 0.105075 0.197866
0 0.804841 0.496479 0.108710 0.180274
0 0.699757 0.492088 0.106281 0.193445
0 0.699757 0.688857 0.103869 0.191250
0 0.598300 0.694360 0.106281 0.206646
0 0.383903 0.688857 0.105092 0.186860
0 0.180377 0.691052 0.101457 0.186860
0 0.172521 0.879009 0.105075 0.180274
0 0.277002 0.884512 0.103886 0.191280
0 0.807261 0.883430 0.115963 0.180274
0 0.495025 0.497591 0.102680 0.169268
0 0.391156 0.497576 0.109916 0.182470
0 0.287278 0.495381 0.100251 0.178079
0 0.920193 0.110655 0.100251 0.182470
0 0.912948 0.300716 0.107504 0.202470
0 0.915972 0.489787 0.099045 0.202500
0 0.913551 0.682149 0.106298 0.204665
0 0.914757 0.873415 0.106298 0.187073
0 0.068040 0.880122 0.103886 0.191280
0 0.067437 0.691067 0.109916 0.200061
0 0.071667 0.488796 0.106281 0.182470
0 0.064422 0.305213 0.115946 0.193476
0 0.178559 0.492088 0.109916 0.189055
0 0.284255 0.688857 0.111122 0.195640
0 0.384506 0.880122 0.108710 0.191280
0 0.489590 0.694238 0.106281 0.206890
0 0.597094 0.490869 0.103869 0.195884
0 0.704590 0.300716 0.111122 0.184909
0 0.804841 0.684451 0.106298 0.200061
0 0.702781 0.885625 0.092998 0.189055
0 0.598903 0.887820 0.112345 0.189055
0 0.492010 0.885625 0.108710 0.171494
0 0.285461 0.304116 0.108710 0.191280
0 0.177956 0.301921 0.108710 0.195671
0 0.388124 0.308521 0.106298 0.186860
0 0.496231 0.314009 0.105092 0.189055
0 0.599506 0.307424 0.103869 0.184665
0 0.809673 0.309619 0.101457 0.189055
